v -8.870967741935488 88.96103896103901
v -35.08064516129032 75.97402597402603
v -18.548387096774192 63.528138528138584
v -35.08064516129032 49.458874458874504
v -22.177419354838705 39.177489177489235
v -37.903225806451616 25.64935064935071
v -25.80645161290323 13.744588744588782
v -41.935483870967744 -2.4891774891774503
v -27.822580645161295 -16.017316017315977
v -40.322580645161295 -27.38095238095235
v -12.903225806451616 -50.10822510822507
v 14.112903225806463 -32.25108225108221
v 30.64516129032259 -14.393939393939348
v 12.096774193548384 -3.5714285714285268
v 31.85483870967741 6.709956709956742
v 12.903225806451616 21.861471861471898
v 28.629032258064512 33.766233766233825
v 11.290322580645153 47.835497835497875
v 31.451612903225794 60.281385281385326
v 10.080645161290334 80.30303030303037
t 8 9 12
t 5 6 15
t 4 16 17
t 7 13 14
t 0 1 19
t 1 2 19
t 2 3 18
t 4 5 16
t 6 14 15
t 6 7 14
t 7 12 13
t 9 11 12
t 3 17 18
t 9 10 11
t 3 4 17
t 7 8 12
t 2 18 19
t 5 15 16