v -5.241935483870975 93.8311688311689
v -37.096774193548384 85.71428571428578
v -22.177419354838705 80.30303030303037
v -39.91935483870968 70.02164502164507
v -25.403225806451616 64.61038961038966
v -41.12903225806451 54.870129870129915
v -27.016129032258064 48.37662337662343
v -45.16129032258064 36.47186147186153
v -27.41935483870968 27.81385281385286
v -45.16129032258064 16.99134199134204
v -31.854838709677423 9.95670995671
v -46.77419354838709 -3.5714285714285268
v -34.27419354838709 -8.982683982683938
v -47.983870967741936 -19.805194805194773
v -35.88709677419355 -26.8398268398268
v -9.274193548387103 -41.450216450216416
v 9.677419354838719 -30.086580086580057
v 24.19354838709677 -25.757575757575722
v 7.258064516129025 -16.558441558441515
v 22.580645161290306 -13.311688311688272
v 6.451612903225794 -2.4891774891774503
v 25.0 5.086580086580142
v 6.854838709677409 12.662337662337706
v 22.17741935483872 17.532467532467564
v 6.854838709677409 26.731601731601785
v 20.967741935483872 35.389610389610425
v 6.451612903225794 45.12987012987017
v 20.967741935483872 52.70562770562776
v 8.064516129032256 60.281385281385326
v 22.98387096774192 70.56277056277062
t 0 2 29
t 9 10 22
t 12 18 19
t 10 21 22
t 4 28 29
t 7 25 26
t 8 9 23
t 9 22 23
t 7 8 25
t 13 14 17
t 6 26 27
t 0 1 2
t 6 7 26
t 10 11 20
t 12 19 20
t 8 23 24
t 13 17 18
t 14 15 16
t 8 24 25
t 12 13 18
t 2 3 29
t 10 20 21
t 5 27 28
t 5 6 27
t 14 16 17
t 11 12 20
t 4 5 28
t 3 4 29