v -3.6290322580645125 94.91341991341997
v -25.80645161290323 86.2554112554113
v -14.516129032258064 80.84415584415589
v -28.225806451612897 71.10389610389615
v -18.951612903225808 65.15151515151521
v -29.83870967741936 56.493506493506544
v -19.354838709677423 50.00000000000006
v -30.645161290322577 40.800865800865864
v -20.967741935483872 34.30735930735935
v -31.048387096774192 21.861471861471898
v -22.983870967741936 19.155844155844193
v -33.87096774193549 6.709956709956742
v -25.0 -0.8658008658008214
v -34.27419354838709 -8.4415584415584
v -27.822580645161295 -14.393939393939348
v -36.69354838709677 -23.051948051948017
v -27.822580645161295 -32.79220779220776
v -38.70967741935483 -41.991341991341955
v -29.435483870967744 -50.10822510822507
v -38.30645161290323 -59.848484848484816
v -15.322580645161295 -74.99999999999997
v -3.6290322580645125 -57.14285714285711
v 8.064516129032256 -51.19047619047616
v -5.6451612903225765 -41.450216450216416
v 3.6290322580645125 -34.95670995670993
v -7.661290322580641 -25.216450216450184
v 0.8064516129032313 -19.26406926406922
v -8.064516129032256 -8.4415584415584
v 2.822580645161281 -3.0303030303029885
v -6.048387096774192 8.874458874458924
v 6.451612903225794 14.826839826839858
v -4.838709677419359 25.64935064935071
v 6.451612903225794 27.27272727272731
v -4.435483870967744 41.88311688311694
v 7.661290322580641 44.588744588744646
v -2.4193548387096655 57.57575757575762
v 7.258064516129025 62.44588744588751
v -3.6290322580645125 71.6450216450217
v 6.048387096774206 77.05627705627711
v 6.854838709677409 87.87878787878793
t 1 2 39
t 14 26 27
t 16 17 23
t 2 3 37
t 6 34 35
t 18 19 21
t 9 10 31
t 10 30 31
t 6 7 33
t 16 23 24
t 17 18 23
t 8 31 32
t 15 16 25
t 16 24 25
t 18 22 23
t 19 20 21
t 5 6 35
t 0 1 39
t 3 4 37
t 12 13 28
t 14 15 26
t 8 32 33
t 12 28 29
t 2 37 38
t 10 11 29
t 8 9 31
t 7 8 33
t 4 35 36
t 4 5 35
t 15 25 26
t 2 38 39
t 13 27 28
t 18 21 22
t 4 36 37
t 10 29 30
t 6 33 34
t 11 12 29
t 13 14 27