v 85.88709677419354 92.20779220779227
v 77.01612903225805 88.41991341991348
v 70.16129032258064 85.71428571428578
v 62.903225806451616 80.84415584415589
v 52.82258064516128 70.56277056277062
v 45.96774193548387 65.69264069264074
v 38.30645161290323 59.7402597402598
v 27.82258064516128 48.91774891774898
v 22.580645161290306 43.50649350649357
v 13.709677419354847 33.22510822510827
v 6.048387096774206 26.731601731601785
v -2.822580645161281 18.073593073593116
v -11.290322580645167 8.333333333333371
v -20.564516129032256 -0.8658008658008214
v -27.016129032258064 -11.147186147186105
v -36.69354838709677 -22.51082251082248
v -44.758064516129025 -32.79220779220776
v -55.64516129032258 -46.86147186147183
v -64.91935483870968 -59.30735930735928
v 68.9516129032258 -76.08225108225105
t 0 13 14
t 0 10 11
t 0 3 4
t 0 12 13
t 0 1 3
t 1 2 3
t 0 5 6
t 0 6 7
t 0 14 15
t 0 18 19
t 0 16 17
t 0 15 16
t 0 8 9
t 0 17 18
t 0 7 8
t 0 11 12
t 0 9 10
t 0 4 5