v 91.53225806451613 96.5367965367966
v 82.25806451612902 93.29004329004334
v 72.98387096774192 89.50216450216456
v 61.69354838709677 85.17316017316023
v 50.80645161290323 79.22077922077926
v 42.741935483870975 75.43290043290048
v 35.080645161290306 71.6450216450217
v 24.19354838709677 66.77489177489184
v 15.725806451612897 61.904761904761955
v 8.467741935483872 55.41125541125547
v 1.209677419354847 50.54112554112558
v -6.8548387096774235 42.96536796536802
v -14.516129032258064 35.93073593073598
v -22.58064516129032 29.43722943722949
v -28.629032258064512 22.40259740259745
v -35.08064516129032 15.909090909090963
v -41.53225806451613 8.874458874458924
v -48.38709677419355 0.21645021645025508
v -54.83870967741936 -8.982683982683938
v -59.27419354838709 -16.017316017315977
v -64.51612903225806 -25.216450216450184
v -68.54838709677419 -33.3333333333333
v -73.79032258064515 -41.450216450216416
v -77.41935483870967 -47.94372294372292
v -81.85483870967741 -55.519480519480496
v -83.87096774193549 -64.71861471861469
v -85.88709677419354 -73.37662337662334
v -89.11290322580645 -78.78787878787875
v -91.93548387096774 -84.19913419913416
v 88.70967741935482 -83.65800865800864
t 0 22 23
t 0 18 19
t 27 28 29
t 0 23 24
t 0 9 10
t 0 10 11
t 0 19 20
t 0 5 6
t 0 14 15
t 0 6 7
t 0 15 16
t 0 24 25
t 0 1 2
t 0 11 12
t 0 20 21
t 0 25 26
t 0 2 3
t 0 27 29
t 0 16 17
t 0 7 8
t 0 3 4
t 0 12 13
t 0 21 22
t 0 4 5
t 0 8 9
t 0 17 18
t 0 26 27
t 0 13 14