v 92.33870967741936 96.5367965367966
v 85.0806451612903 94.37229437229442
v 78.2258064516129 92.20779220779227
v 70.16129032258064 88.96103896103901
v 61.29032258064515 86.2554112554113
v 51.612903225806434 83.5497835497836
v 43.54838709677418 81.38528138528144
v 34.67741935483872 79.22077922077926
v 27.82258064516128 77.59740259740266
v 19.35483870967741 75.97402597402603
v 12.903225806451616 73.26839826839833
v 4.435483870967744 71.10389610389615
v -2.4193548387096655 67.85714285714292
v -9.677419354838705 65.15151515151521
v -16.935483870967744 62.98701298701303
v -23.790322580645167 60.281385281385326
v -32.66129032258064 55.41125541125547
v -39.91935483870968 51.623376623376686
v -47.58064516129032 43.50649350649357
v -52.41935483870968 39.177489177489235
v -56.04838709677419 33.766233766233825
v -60.483870967741936 29.43722943722949
v -63.30645161290322 22.40259740259745
v -65.7258064516129 15.909090909090963
v -68.9516129032258 9.95670995671
v -70.96774193548387 4.545454545454589
v -72.58064516129032 -1.948051948051912
v -75.0 -6.818181818181785
v -77.41935483870967 -12.229437229437195
v -79.83870967741936 -19.26406926406922
v -83.06451612903226 -26.8398268398268
v -85.48387096774192 -33.87445887445884
v -88.30645161290323 -40.90909090909088
v -89.51612903225805 -46.86147186147183
v -90.32258064516128 -51.7316017316017
v -90.7258064516129 -56.60173160173157
v -90.7258064516129 -61.471861471861445
v -91.93548387096774 -68.50649350649348
v -92.74193548387096 -76.08225108225105
v 87.90322580645162 -78.78787878787875
t 0 36 37
t 4 14 15
t 0 22 23
t 0 32 33
t 0 18 19
t 10 11 12
t 7 8 10
t 3 15 16
t 0 37 38
t 4 5 12
t 0 23 24
t 0 3 18
t 0 19 20
t 0 28 29
t 0 24 25
t 0 33 34
t 8 9 10
t 3 16 17
t 0 1 2
t 0 20 21
t 0 29 30
t 0 38 39
t 0 25 26
t 3 4 15
t 0 2 3
t 6 10 12
t 4 12 13
t 0 34 35
t 3 17 18
t 0 30 31
t 6 7 10
t 5 6 12
t 0 35 36
t 0 21 22
t 4 13 14
t 0 31 32
t 0 26 27
t 0 27 28