v 0 0
v 0 1
v 0 2
v 0 3
v 0 4
v 0 5
v 0 6
v 0 7
v 0 8
v 0 9
v 1 0
v 1 1
v 1 2
v 1 3
v 1 4
v 1 5
v 1 6
v 1 7
v 1 8
v 1 9
v 2 0
v 2 1
v 2 2
v 2 3
v 2 4
v 2 5
v 2 6
v 2 7
v 2 8
v 2 9
v 3 0
v 3 1
v 3 2
v 3 3
v 3 4
v 3 5
v 3 6
v 3 7
v 3 8
v 3 9
v 4 0
v 4 1
v 4 2
v 4 3
v 4 4
v 4 5
v 4 6
v 4 7
v 4 8
v 4 9
v 5 0
v 5 1
v 5 2
v 5 3
v 5 4
v 5 5
v 5 6
v 5 7
v 5 8
v 5 9
v 6 0
v 6 1
v 6 2
v 6 3
v 6 4
v 6 5
v 6 6
v 6 7
v 6 8
v 6 9
v 7 0
v 7 1
v 7 2
v 7 3
v 7 4
v 7 5
v 7 6
v 7 7
v 7 8
v 7 9
v 8 0
v 8 1
v 8 2
v 8 3
v 8 4
v 8 5
v 8 6
v 8 7
v 8 8
v 8 9
v 9 0
v 9 1
v 9 2
v 9 3
v 9 4
v 9 5
v 9 6
v 9 7
v 9 8
v 9 9
t 0 1 10
t 1 10 11
t 10 11 20
t 11 20 21
t 20 21 30
t 21 30 31
t 30 31 40
t 31 40 41
t 40 41 50
t 41 50 51
t 50 51 60
t 51 60 61
t 60 61 70
t 61 70 71
t 70 71 80
t 71 80 81
t 80 81 90
t 81 90 91
t 1 2 11
t 2 11 12
t 11 12 21
t 12 21 22
t 21 22 31
t 22 31 32
t 31 32 41
t 32 41 42
t 41 42 51
t 42 51 52
t 51 52 61
t 52 61 62
t 61 62 71
t 62 71 72
t 71 72 81
t 72 81 82
t 81 82 91
t 82 91 92
t 2 3 12
t 3 12 13
t 12 13 22
t 13 22 23
t 22 23 32
t 23 32 33
t 32 33 42
t 33 42 43
t 42 43 52
t 43 52 53
t 52 53 62
t 53 62 63
t 62 63 72
t 63 72 73
t 72 73 82
t 73 82 83
t 82 83 92
t 83 92 93
t 3 4 13
t 4 13 14
t 13 14 23
t 14 23 24
t 23 24 33
t 24 33 34
t 33 34 43
t 34 43 44
t 43 44 53
t 44 53 54
t 53 54 63
t 54 63 64
t 63 64 73
t 64 73 74
t 73 74 83
t 74 83 84
t 83 84 93
t 84 93 94
t 4 5 14
t 5 14 15
t 14 15 24
t 15 24 25
t 24 25 34
t 25 34 35
t 34 35 44
t 35 44 45
t 44 45 54
t 45 54 55
t 54 55 64
t 55 64 65
t 64 65 74
t 65 74 75
t 74 75 84
t 75 84 85
t 84 85 94
t 85 94 95
t 5 6 15
t 6 15 16
t 15 16 25
t 16 25 26
t 25 26 35
t 26 35 36
t 35 36 45
t 36 45 46
t 45 46 55
t 46 55 56
t 55 56 65
t 56 65 66
t 65 66 75
t 66 75 76
t 75 76 85
t 76 85 86
t 85 86 95
t 86 95 96
t 6 7 16
t 7 16 17
t 16 17 26
t 17 26 27
t 26 27 36
t 27 36 37
t 36 37 46
t 37 46 47
t 46 47 56
t 47 56 57
t 56 57 66
t 57 66 67
t 66 67 76
t 67 76 77
t 76 77 86
t 77 86 87
t 86 87 96
t 87 96 97
t 7 8 17
t 8 17 18
t 17 18 27
t 18 27 28
t 27 28 37
t 28 37 38
t 37 38 47
t 38 47 48
t 47 48 57
t 48 57 58
t 57 58 67
t 58 67 68
t 67 68 77
t 68 77 78
t 77 78 87
t 78 87 88
t 87 88 97
t 88 97 98
t 8 9 18
t 9 18 19
t 18 19 28
t 19 28 29
t 28 29 38
t 29 38 39
t 38 39 48
t 39 48 49
t 48 49 58
t 49 58 59
t 58 59 68
t 59 68 69
t 68 69 78
t 69 78 79
t 78 79 88
t 79 88 89
t 88 89 98
t 89 98 99