v 0 0
v 110 1
v 10 2
v 110 3
v 10 4
v 110 5
v 10 6
v 110 7
v 10 8
v 110 9
v 10 10
v 110 11
v 10 12
v 110 13
v 10 14
v 110 15
v 10 16
v 110 17
v 10 18
v 110 19
v 10 20
v 110 21
v 10 22
v 110 23
v 10 24
v 110 25
v 10 26
v 110 27
v 10 28
v 110 29
v 10 30
v 110 31
v 10 32
v 110 33
v 10 34
v 110 35
v 10 36
v 110 37
v 10 38
v 110 39
v 10 40
v 110 41
v 10 42
v 110 43
v 10 44
v 110 45
v 10 46
v 110 47
v 10 48
v 110 49
v 0 50
v -10 49
v -110 48
v -10 47
v -110 46
v -10 45
v -110 44
v -10 43
v -110 42
v -10 41
v -110 40
v -10 39
v -110 38
v -10 37
v -110 36
v -10 35
v -110 34
v -10 33
v -110 32
v -10 31
v -110 30
v -10 29
v -110 28
v -10 27
v -110 26
v -10 25
v -110 24
v -10 23
v -110 22
v -10 21
v -110 20
v -10 19
v -110 18
v -10 17
v -110 16
v -10 15
v -110 14
v -10 13
v -110 12
v -10 11
v -110 10
v -10 9
v -110 8
v -10 7
v -110 6
v -10 5
v -110 4
v -10 3
v -110 2
v -10 1
t 43 44 56
t 15 84 85
t 47 48 52
t 49 50 51
t 21 78 79
t 25 26 74
t 13 14 86
t 39 40 60
t 46 53 54
t 9 10 90
t 3 96 97
t 8 9 91
t 37 62 63
t 27 72 73
t 4 5 95
t 12 13 87
t 3 4 96
t 32 67 68
t 9 90 91
t 21 22 78
t 43 56 57
t 7 8 92
t 30 69 70
t 19 80 81
t 34 65 66
t 16 17 83
t 2 3 97
t 48 51 52
t 5 94 95
t 35 64 65
t 11 12 88
t 0 1 99
t 31 68 69
t 18 81 82
t 7 92 93
t 17 18 82
t 5 6 94
t 42 43 57
t 41 42 58
t 47 52 53
t 36 63 64
t 37 38 62
t 23 76 77
t 12 87 88
t 36 37 63
t 18 19 81
t 34 35 65
t 40 41 59
t 31 32 68
t 22 77 78
t 20 21 79
t 38 61 62
t 25 74 75
t 38 39 61
t 35 36 64
t 29 30 70
t 15 16 84
t 1 98 99
t 20 79 80
t 24 75 76
t 11 88 89
t 44 45 55
t 33 34 66
t 30 31 69
t 24 25 75
t 19 20 80
t 10 11 89
t 46 47 53
t 32 33 67
t 6 93 94
t 10 89 90
t 28 29 71
t 40 59 60
t 29 70 71
t 14 15 85
t 27 28 72
t 16 83 84
t 23 24 76
t 45 46 54
t 39 60 61
t 22 23 77
t 8 91 92
t 26 73 74
t 45 54 55
t 42 57 58
t 2 97 98
t 26 27 73
t 6 7 93
t 41 58 59
t 13 86 87
t 28 71 72
t 17 82 83
t 4 95 96
t 1 2 98
t 48 49 51
t 14 85 86
t 44 55 56
t 33 66 67