v 0.04277192608002693 0.0008762265186683937
v -0.0033571061780375833 0.031544118675531155
v -0.04238936424255372 0.043339461812786056
v -0.01777242875868275 0.015367648087295849
v -0.03551436424255372 0.010312501028472323
v -0.018437751339327915 -0.005863969559762983
v -0.0341837190812634 -0.012604165638194359
v -0.016885331984489202 -0.025747547991135537
v -0.04150226746836017 -0.033498773481331616
v -0.015554686823198882 -0.04023896955976299
v -0.036401461016747266 -0.04799019504995907
v -0.013115170694166622 -0.0530453421087826
t 0 1 2
t 3 2 0
t 3 4 0
t 4 5 0
t 5 6 0
t 6 7 0
t 7 8 9
t 7 9 0
t 9 10 11
t 9 11 0